1
778
779
785
786
788
792
792
793
794
794
795
797
797
798
802
802
803
806
807
809
811
812
812
830
832
832
834
841
844
845
845
846
846
847
848
848
849
852
856
857
857
858
858
859
860
860
861
865
865
865
866
866
866
868
885
892
892
894
894
894
895
895
895
895
895
899
899
899
899
899
906
906
908
922
925
931
931
932
932
933
933
934
935
936
937
940
940
946
946
946
946
946
948
948
948
948
948
949
949
949
949
951
956
962
963
963
963
963
963
964
964
964
964
964
964
965
967
967
968
968
971
971
971
972
972
972
972
973
973
979
979
979
979
979
979
980
980
980
980
1005
1005
1005
1005
1006
1006
1006
1006
1006
1006
1006
1007
1007
1012
1022
1023
1041
1041
1044
1044
1047
1048
1048
1049
1049
1050
1050
1053
1054
1054
1054
1055
1055
1058
1059
1061
1061
1061
1061
1061
1062
1062
1062
1062
1062
1062
1062
1062
1062
1062
1063
1070
1071
1072
1073
1073
1073
1073
1073
1073
1073
1073
1073
1075
1076
1076
1076
1077
1077
1077
1078
1081
1081
1081
1081
1081
1081
1081
1081
1081
1081
1081
1082
1082
1082
1082
1086
1087
1090
1090
1091
1091
1091
1091
1091
1091
1091
1091
1091
1091
1091
1092
1092
1092
1094
1094
1095
1095
1095
1095
1095
1095
1096
1098
1100
1110
1110
1110
1110
1110
1110
1110
1111
1111
1111
1111
1111
1111
1111
1111
1112
1112
1112
1112
1112
1112
1113
1113
1113
1121
1121
1121
1121
1121
1121
1121
1121
1122
1122
1122
1122
1122
1122
1122
1122
1122
1122
1123
1123
1123
1123
1124
1128
1128
1129
1129
1129
1129
1129
1129
1129
1129
1129
1129
1130
1130
1130
1130
1130
1130
1134
1135
1135
1139
1140
1140
1140
1140
1140
1140
1140
1140
1140
1140
1140
1140
1141
1143
1143
1143
1143
1143
1143
1143
1143
1143
1143
1143
1143
1143
1143
1144
1144
1144
1144
1144
1144
1144
1144
1146
1146
1146
1146
1146
1147
1147
1147
1147
1147
1147
1147
1147
1147
1147
1147
1147
1147
1147
1148
1148
1148
1148
1148
1148
1148
1148
1148
1148
1148
1148
1148
1148
1148
1148
1149
1149
1155
1155
1155
1155
1155
1156
1156
1156
1156
1156
1156
1156
1156
1156
1156
1156
1156
1157
1157
1157
1157
1157
1157
1157
1157
1157
1157
1157
1157
1157
1157
1157
1161
1161
1161
1161
1161
1161
1161
1161
1161
1161
1161
1162
1162
1162
1162
1162
1162
1162
1162
1162
1162
1162
1162
1162
1162
1162
1162
1162
1163
1163
1163
1163
1163
1163
1163
1163
1163
1163
1163
1163
1163
1163
1163
1164
1164
1164
1164
1164
1164
1164
1164
1164
1164
1164
1164
1164
1164
1164
1165
1165
1165
1165
1165
1165
1165
1165
1165
1165
1165
1165
1165
1165
1166
1166
1166
1166
1166
1166
1166
1166
1166
1166
1166
1166
1167
1167
1167
1167
1167
1167
1167
1168
1168
1168
1168
1168
1168
1168
1169
1169
1169
1169
1169
1169
1169
1173
1175
1176
1176
1177
1177
1177
1177
1177
1177
1178
1178
1178
1178
1178
1178
1178
1179
1179
1179
1179
1179
1179
1179
1179
1183
1183
1183
1183
1183
1183
1183
1184
1184
1192
1193
1193
1193
1193
1193
1193
1193
1193
1193
1193
1197
1197
1197
1197
1197
1197
1197
1197
1198
1198
1198
1198
1198
1198
1198
1198
1198
1198
1198
1198
1198
1198
1198
1198
1198
1198
1199
1199
1199
1199
1199
1199
1199
1199
1199
1199
1199
1199
1199
1199
1199
1199
1199
1199
1200
1216
1217
1217
1217
1217
1217
1217
1217
1217
1217
1217
1217
1217
1217
1217
1217
1221
1221
1221
1221
1222
1222
1222
1222
1222
1222
1222
1222
1222
1222
1222
1222
1222
1222
1222
1224
1224
1224
1224
1224
1224
1224
1224
1224
1224
1224
1228
1228
1228
1228
1230
1236
1236
1237
1237
1237
1237
1237
1237
1237
1237
1237
1239
1239
1239
1239
1239
1239
1239
1239
1241
1241
1241
1241
1241
1243
1243
1243
1243
1243
1244
1244
1244
1244
1244
1244
1244
1244
1244
1244
1244
1244
1244
1244
1244
1244
1244
1244
1244
1245
1245
1245
1245
1245
1245
1245
1245
1245
1245
1245
1245
1245
1245
1245
1245
1245
1245
1245
1246
1246
1246
1246
1246
1246
1246
1246
1246
1246
1246
1246
1246
1246
1246
1246
1246
1246
1246
1246
1246
1246
1247
1249
1251
1251
1252
1252
1252
1252
1252
1252
1252
1252
1252
1252
1252
1252
1252
1252
1252
1252
1252
1252
1253
1253
1253
1253
1253
1253
1253
1253
1253
1253
1253
1253
1253
1253
1253
1253
1253
1253
1253
1253
1254
1254
1254
1254
1254
1254
1254
1254
1254
1254
1254
1254
1254
1254
1254
1254
1254
1254
1254
1254
1255
1255
1255
1255
1255
1255
1255
1255
1255
1255
1255
1257
1262
1263
1263
1263
1263
1263
1263
1263
1263
1263
1263
1263
1263
1263
1263
1263
1263
1263
1263
1263
1264
1264
1264
1264
1264
1264
1264
1264
1264
1264
1264
1264
1264
1264
1264
1264
1264
1264
1264
1264
1264
1264
1264
1270
1270
1270
1270
1270
1270
1270
1271
1271
1271
1271
1271
1271
1271
1271
1271
1271
1271
1271
1271
1271
1271
1271
1271
1271
1271
1272
1272
1272
1272
1272
1272
1272
1272
1272
1272
1272
1272
1272
1272
1273
1273
1273
1273
1273
1273
1273
1275
1277
1278
1278
1278
1278
1278
1278
1278
1278
1278
1279
1279
1279
1279
1279
1279
1279
1279
1279
1279
1279
1279
1279
1279
1279
1279
1279
1279
1279
1279
1280
1280
1280
1280
1280
1280
1280
1280
1280
1280
1280
1280
1280
1280
1280
1280
1280
1280
1280
1280
1281
1281
1281
1281
1286
1286
1287
1287
1287
1287
1287
1287
1287
1287
1287
1287
1287
1287
1287
1287
1287
1287
